#	alphaticr.alphaticr	alphaticr.aromatic	alphaticr.postivecharger	alphaticr.negativecharger	alphaticr.uncharger	aromatic.alphaticr	aromatic.aromatic	aromatic.postivecharger	aromatic.negativecharger	aromatic.uncharger	postivecharger.alphaticr	postivecharger.aromatic	postivecharger.postivecharger	postivecharger.negativecharger	postivecharger.uncharger	negativecharger.alphaticr	negativecharger.aromatic	negativecharger.postivecharger	negativecharger.negativecharger	negativecharger.uncharger	uncharger.alphaticr	uncharger.aromatic	uncharger.postivecharger	uncharger.negativecharger	uncharger.uncharger
170032_NDR1	0.12385321100917432	0.03211009174311927	0.07339449541284404	0.027522935779816515	0.09174311926605505	0.03669724770642202	0.022935779816513763	0.013761467889908258	0.0045871559633027525	0.027522935779816515	0.05045871559633028	0.01834862385321101	0.03211009174311927	0.013761467889908258	0.04128440366972477	0.03211009174311927	0.0	0.009174311926605505	0.009174311926605505	0.022935779816513763	0.10091743119266056	0.03211009174311927	0.03211009174311927	0.01834862385321101	0.13302752293577982
Zea_gi|293337209|ref|NP_001168727.1|	0.13513513513513514	0.02702702702702703	0.04054054054054054	0.04826254826254826	0.12162162162162163	0.023166023166023165	0.0019305019305019305	0.011583011583011582	0.007722007722007722	0.021235521235521235	0.0444015444015444	0.011583011583011582	0.021235521235521235	0.017374517374517374	0.0444015444015444	0.04247104247104247	0.009652509652509652	0.025096525096525095	0.019305019305019305	0.025096525096525095	0.12548262548262548	0.017374517374517374	0.04054054054054054	0.02895752895752896	0.0888030888030888
Beta_gi|731329466|ref|XP_010675606.1|	0.16666666666666666	0.02631578947368421	0.043859649122807015	0.02631578947368421	0.16666666666666666	0.03508771929824561	0.008771929824561403	0.0	0.0	0.008771929824561403	0.043859649122807015	0.0	0.0	0.0	0.043859649122807015	0.017543859649122806	0.0	0.0	0.0	0.008771929824561403	0.15789473684210525	0.017543859649122806	0.043859649122807015	0.0	0.18421052631578946
154_Tm-2a	0.14186046511627906	0.030232558139534883	0.0755813953488372	0.046511627906976744	0.0872093023255814	0.029069767441860465	0.010465116279069767	0.0069767441860465115	0.010465116279069767	0.030232558139534883	0.07325581395348837	0.011627906976744186	0.026744186046511628	0.01627906976744186	0.030232558139534883	0.047674418604651166	0.00813953488372093	0.01627906976744186	0.019767441860465116	0.030232558139534883	0.08837209302325581	0.026744186046511628	0.03372093023255814	0.029069767441860465	0.07325581395348837
Ara_AT4G35375.1	0.02727272727272727	0.00909090909090909	0.06363636363636363	0.06363636363636363	0.08181818181818182	0.01818181818181818	0.0	0.02727272727272727	0.01818181818181818	0.0	0.09090909090909091	0.02727272727272727	0.06363636363636363	0.02727272727272727	0.06363636363636363	0.02727272727272727	0.00909090909090909	0.06363636363636363	0.02727272727272727	0.05454545454545454	0.08181818181818182	0.01818181818181818	0.05454545454545454	0.045454545454545456	0.03636363636363636
Caa_gi|1026106386|ref|XP_016552198.1|	0.10679611650485436	0.038834951456310676	0.05825242718446602	0.038834951456310676	0.11650485436893204	0.07766990291262135	0.009708737864077669	0.0	0.0	0.02912621359223301	0.02912621359223301	0.02912621359223301	0.02912621359223301	0.009708737864077669	0.009708737864077669	0.02912621359223301	0.02912621359223301	0.0	0.0	0.019417475728155338	0.10679611650485436	0.009708737864077669	0.019417475728155338	0.038834951456310676	0.1650485436893204
161456_Rdg2a	0.14053614947197401	0.02843216896831844	0.05523964256701868	0.05848903330625508	0.11210398050365557	0.024370430544272948	0.003249390739236393	0.00974817221770918	0.008935824532900082	0.01868399675060926	0.05848903330625508	0.008935824532900082	0.020308692120227456	0.017871649065800164	0.036555645816409424	0.05523964256701868	0.007311129163281885	0.015434606011372868	0.021933387489845652	0.030056864337936636	0.11535337124289195	0.017059301380991064	0.04224207961007311	0.022745735174654752	0.07067424857839155
Caa_gi|1026089845|ref|XP_016544063.1|	0.05734767025089606	0.016129032258064516	0.06630824372759857	0.04121863799283154	0.05555555555555555	0.01971326164874552	0.0017921146953405018	0.007168458781362007	0.005376344086021506	0.010752688172043012	0.06630824372759857	0.008960573476702509	0.05734767025089606	0.044802867383512544	0.0913978494623656	0.034050179211469536	0.0017921146953405018	0.06093189964157706	0.010752688172043012	0.03942652329749104	0.05734767025089606	0.016129032258064516	0.07706093189964158	0.044802867383512544	0.10752688172043011
1488_Pi-ta	0.14670981661272922	0.022653721682847898	0.0668824163969795	0.04746494066882417	0.1111111111111111	0.032362459546925564	0.010787486515641856	0.006472491909385114	0.008629989212513484	0.014023732470334413	0.0593311758360302	0.011866235167206042	0.028047464940668825	0.011866235167206042	0.034519956850053934	0.04962243797195254	0.008629989212513484	0.012944983818770227	0.02481121898597627	0.023732470334412083	0.10679611650485436	0.018338727076591153	0.03128371089536138	0.02696871628910464	0.08414239482200647
Gly_gi|1448302922|ref|XP_003550261.2|	0.16551724137931034	0.027586206896551724	0.06896551724137931	0.041379310344827586	0.1103448275862069	0.027586206896551724	0.013793103448275862	0.0	0.0	0.020689655172413793	0.07586206896551724	0.0	0.020689655172413793	0.013793103448275862	0.04827586206896552	0.04827586206896552	0.0	0.013793103448275862	0.020689655172413793	0.013793103448275862	0.09655172413793103	0.020689655172413793	0.05517241379310345	0.020689655172413793	0.07586206896551724
170028_Pti1	0.17280453257790368	0.019830028328611898	0.0708215297450425	0.031161473087818695	0.12181303116147309	0.031161473087818695	0.0	0.0113314447592068	0.0113314447592068	0.0113314447592068	0.07932011331444759	0.0	0.014164305949008499	0.019830028328611898	0.031161473087818695	0.042492917847025496	0.019830028328611898	0.0113314447592068	0.0226628895184136	0.0169971671388102	0.08781869688385269	0.025495750708215296	0.036827195467422094	0.028328611898016998	0.0821529745042493
150961_RPW8.1	0.16326530612244897	0.027210884353741496	0.07482993197278912	0.08163265306122448	0.08843537414965986	0.04081632653061224	0.0	0.013605442176870748	0.013605442176870748	0.013605442176870748	0.07482993197278912	0.02040816326530612	0.04081632653061224	0.02040816326530612	0.02040816326530612	0.07482993197278912	0.006802721088435374	0.02040816326530612	0.006802721088435374	0.027210884353741496	0.08163265306122448	0.027210884353741496	0.027210884353741496	0.013605442176870748	0.02040816326530612
150965_RTM2	0.1232876712328767	0.021917808219178082	0.07123287671232877	0.0547945205479452	0.07123287671232877	0.021917808219178082	0.0	0.005479452054794521	0.0027397260273972603	0.01643835616438356	0.07945205479452055	0.005479452054794521	0.04657534246575343	0.03287671232876712	0.0410958904109589	0.049315068493150684	0.005479452054794521	0.049315068493150684	0.0547945205479452	0.019178082191780823	0.06575342465753424	0.0136986301369863	0.03287671232876712	0.03561643835616438	0.07945205479452055
Sol_tub_gi|971564505|ref|XP_015167790.1|	0.10599078341013825	0.027649769585253458	0.055299539170506916	0.05069124423963134	0.10599078341013825	0.018433179723502304	0.0	0.009216589861751152	0.013824884792626729	0.04608294930875576	0.055299539170506916	0.013824884792626729	0.04608294930875576	0.018433179723502304	0.018433179723502304	0.055299539170506916	0.018433179723502304	0.013824884792626729	0.0	0.03686635944700461	0.10599078341013825	0.027649769585253458	0.03225806451612903	0.041474654377880185	0.08294930875576037
135726_RPG1	0.14250309789343246	0.030978934324659233	0.06815365551425032	0.04584882280049566	0.09293680297397769	0.026022304832713755	0.0024783147459727386	0.011152416356877323	0.009913258983890954	0.021065675340768277	0.080545229244114	0.006195786864931847	0.028500619578686492	0.01486988847583643	0.042131350681536554	0.03717472118959108	0.01734820322180917	0.024783147459727387	0.024783147459727387	0.01982651796778191	0.09293680297397769	0.013630731102850062	0.040892193308550186	0.028500619578686492	0.0768277571251549
149_Rpi-blb2	0.13033175355450238	0.03238546603475513	0.06398104265402843	0.05924170616113744	0.08293838862559241	0.02843601895734597	0.004739336492890996	0.010268562401263823	0.016587677725118485	0.02132701421800948	0.05924170616113744	0.009478672985781991	0.02527646129541864	0.02764612954186414	0.02448657187993681	0.05924170616113744	0.013428120063191154	0.022116903633491312	0.035545023696682464	0.04028436018957346	0.09083728278041074	0.02132701421800948	0.02527646129541864	0.0315955766192733	0.06398104265402843
Ory_Jap_gi|1002244752|ref|XP_015626565.1|	0.14652956298200515	0.005141388174807198	0.056555269922879174	0.033419023136246784	0.08740359897172237	0.007712082262210797	0.005141388174807198	0.007712082262210797	0.002570694087403599	0.002570694087403599	0.04627249357326478	0.012853470437017995	0.05141388174807198	0.02313624678663239	0.05141388174807198	0.04627249357326478	0.0	0.02056555269922879	0.06683804627249357	0.02313624678663239	0.07969151670951156	0.002570694087403599	0.05141388174807198	0.030848329048843187	0.13881748071979436
135723_Mlo	0.18045112781954886	0.03571428571428571	0.05827067669172932	0.03195488721804511	0.09398496240601503	0.041353383458646614	0.013157894736842105	0.018796992481203006	0.007518796992481203	0.02443609022556391	0.05639097744360902	0.018796992481203006	0.041353383458646614	0.007518796992481203	0.03007518796992481	0.03195488721804511	0.013157894736842105	0.011278195488721804	0.009398496240601503	0.016917293233082706	0.09022556390977443	0.02443609022556391	0.02443609022556391	0.02631578947368421	0.09210526315789473
Hel_gi|1228841945|ref|XP_021978371.1|	0.13612565445026178	0.031413612565445025	0.04450261780104712	0.05235602094240838	0.0968586387434555	0.020942408376963352	0.005235602094240838	0.01832460732984293	0.01832460732984293	0.028795811518324606	0.041884816753926704	0.010471204188481676	0.028795811518324606	0.020942408376963352	0.03926701570680628	0.04450261780104712	0.007853403141361256	0.02356020942408377	0.010471204188481676	0.031413612565445025	0.11780104712041885	0.03664921465968586	0.02617801047120419	0.015706806282722512	0.09162303664921466
1501_Rps1-k-1	0.1262214983713355	0.026058631921824105	0.06351791530944625	0.04804560260586319	0.09771986970684039	0.02280130293159609	0.006514657980456026	0.006514657980456026	0.010586319218241042	0.030944625407166124	0.06270358306188925	0.008957654723127036	0.02687296416938111	0.019543973941368076	0.03257328990228013	0.0496742671009772	0.013029315960912053	0.013843648208469055	0.014657980456026058	0.03420195439739414	0.1001628664495114	0.02280130293159609	0.039902280130293157	0.03257328990228013	0.08957654723127036
Aeg_gi|1149775077|ref|XP_020151297.1|	0.10071942446043165	0.0	0.05755395683453238	0.014388489208633094	0.1079136690647482	0.0	0.0	0.0	0.0	0.014388489208633094	0.03597122302158273	0.0	0.06474820143884892	0.007194244604316547	0.08633093525179857	0.014388489208633094	0.0	0.007194244604316547	0.0	0.007194244604316547	0.12949640287769784	0.014388489208633094	0.06474820143884892	0.007194244604316547	0.26618705035971224
Cuc_gi|659126076|ref|XP_008462998.1|	0.0736196319018405	0.006134969325153374	0.08588957055214724	0.012269938650306749	0.1165644171779141	0.012269938650306749	0.006134969325153374	0.012269938650306749	0.0	0.024539877300613498	0.049079754601226995	0.018404907975460124	0.04294478527607362	0.018404907975460124	0.07975460122699386	0.03067484662576687	0.006134969325153374	0.0	0.018404907975460124	0.018404907975460124	0.12269938650306748	0.018404907975460124	0.0736196319018405	0.024539877300613498	0.12883435582822086
Zea_gi|1314996614|ref|XP_023157149.1|	0.2692307692307692	0.0	0.07692307692307693	0.057692307692307696	0.057692307692307696	0.009615384615384616	0.0	0.0	0.0	0.0	0.08653846153846154	0.0	0.09615384615384616	0.019230769230769232	0.028846153846153848	0.038461538461538464	0.0	0.019230769230769232	0.009615384615384616	0.038461538461538464	0.057692307692307696	0.009615384615384616	0.038461538461538464	0.019230769230769232	0.0673076923076923
Caa_gi|1026008754|ref|XP_016556129.1|	0.12550607287449392	0.01417004048582996	0.03441295546558704	0.04048582995951417	0.0931174089068826	0.01417004048582996	0.0020242914979757085	0.0020242914979757085	0.01417004048582996	0.032388663967611336	0.020242914979757085	0.004048582995951417	0.02631578947368421	0.022267206477732792	0.0465587044534413	0.0465587044534413	0.012145748987854251	0.010121457489878543	0.022267206477732792	0.05060728744939271	0.09919028340080972	0.032388663967611336	0.0465587044534413	0.04251012145748988	0.145748987854251
Aeg_gi|1149791581|ref|XP_020157245.1|	0.09090909090909091	0.015151515151515152	0.06818181818181818	0.08333333333333333	0.06818181818181818	0.022727272727272728	0.0	0.0	0.007575757575757576	0.0	0.06060606060606061	0.0	0.06818181818181818	0.03787878787878788	0.03787878787878788	0.07575757575757576	0.015151515151515152	0.03787878787878788	0.05303030303030303	0.06060606060606061	0.06818181818181818	0.0	0.030303030303030304	0.06818181818181818	0.030303030303030304
Aeg_gi|1149822315|ref|XP_020169397.1|	0.1806282722513089	0.028795811518324606	0.028795811518324606	0.05235602094240838	0.13350785340314136	0.03926701570680628	0.005235602094240838	0.015706806282722512	0.005235602094240838	0.01832460732984293	0.03926701570680628	0.013089005235602094	0.010471204188481676	0.010471204188481676	0.02356020942408377	0.049738219895287955	0.01832460732984293	0.013089005235602094	0.013089005235602094	0.02356020942408377	0.112565445026178	0.01832460732984293	0.028795811518324606	0.03664921465968586	0.08115183246073299
170021_prv	0.13304721030042918	0.03776824034334764	0.05836909871244635	0.05150214592274678	0.09356223175965665	0.03175965665236052	0.006008583690987125	0.01201716738197425	0.008583690987124463	0.02145922746781116	0.05407725321888412	0.007725321888412017	0.02317596566523605	0.01630901287553648	0.04291845493562232	0.05836909871244635	0.011158798283261802	0.017167381974248927	0.02317596566523605	0.020600858369098713	0.09699570815450644	0.017167381974248927	0.03347639484978541	0.030901287553648068	0.0927038626609442
Sol_lyc_gi|1042705533|ref|NP_001316135.1|	0.12984054669703873	0.04100227790432802	0.02733485193621868	0.0387243735763098	0.12072892938496584	0.0387243735763098	0.015945330296127564	0.009111617312072893	0.015945330296127564	0.02733485193621868	0.04328018223234624	0.00683371298405467	0.009111617312072893	0.01366742596810934	0.029612756264236904	0.029612756264236904	0.011389521640091117	0.011389521640091117	0.004555808656036446	0.04328018223234624	0.11389521640091116	0.03416856492027335	0.04555808656036447	0.02733485193621868	0.11161731207289294
Gly_gi|571457931|ref|XP_006580954.1|	0.16666666666666666	0.041666666666666664	0.052083333333333336	0.036458333333333336	0.11458333333333333	0.041666666666666664	0.0	0.020833333333333332	0.005208333333333333	0.015625	0.06770833333333333	0.015625	0.026041666666666668	0.010416666666666666	0.057291666666666664	0.052083333333333336	0.005208333333333333	0.015625	0.005208333333333333	0.005208333333333333	0.08333333333333333	0.020833333333333332	0.0625	0.026041666666666668	0.052083333333333336
Beta_gi|731373485|ref|XP_010666659.1|	0.0858085808580858	0.039603960396039604	0.0627062706270627	0.0429042904290429	0.07920792079207921	0.019801980198019802	0.006600660066006601	0.0165016501650165	0.0231023102310231	0.019801980198019802	0.04950495049504951	0.013201320132013201	0.0297029702970297	0.026402640264026403	0.0462046204620462	0.06930693069306931	0.006600660066006601	0.0165016501650165	0.033003300330033	0.033003300330033	0.0858085808580858	0.019801980198019802	0.039603960396039604	0.033003300330033	0.10231023102310231
Caa_gi|1026023588|ref|XP_016558148.1|	0.3531746031746032	0.031746031746031744	0.03571428571428571	0.04365079365079365	0.10317460317460317	0.023809523809523808	0.003968253968253968	0.003968253968253968	0.007936507936507936	0.01984126984126984	0.031746031746031744	0.003968253968253968	0.015873015873015872	0.011904761904761904	0.011904761904761904	0.04365079365079365	0.0	0.015873015873015872	0.011904761904761904	0.01984126984126984	0.1111111111111111	0.01984126984126984	0.007936507936507936	0.015873015873015872	0.051587301587301584
Aeg_gi|1149801485|ref|XP_020161072.1|	0.1630170316301703	0.0413625304136253	0.0535279805352798	0.0267639902676399	0.13381995133819952	0.043795620437956206	0.004866180048661801	0.014598540145985401	0.0024330900243309003	0.0267639902676399	0.051094890510948905	0.009732360097323601	0.019464720194647202	0.009732360097323601	0.0364963503649635	0.0340632603406326	0.004866180048661801	0.0024330900243309003	0.0072992700729927005	0.0170316301703163	0.12652068126520682	0.031630170316301706	0.0364963503649635	0.019464720194647202	0.0827250608272506
Gly_gi|1594705191|ref|NP_001356049.1|	0.12941176470588237	0.03529411764705882	0.0392156862745098	0.03137254901960784	0.08627450980392157	0.047058823529411764	0.011764705882352941	0.0196078431372549	0.011764705882352941	0.023529411764705882	0.047058823529411764	0.027450980392156862	0.0196078431372549	0.011764705882352941	0.0392156862745098	0.0196078431372549	0.00784313725490196	0.00784313725490196	0.027450980392156862	0.03529411764705882	0.07450980392156863	0.03137254901960784	0.058823529411764705	0.01568627450980392	0.1411764705882353
Hel_gi|1228924136|ref|XP_022012342.1|	0.14905149051490515	0.016260162601626018	0.05962059620596206	0.08130081300813008	0.07317073170731707	0.01084010840108401	0.0	0.005420054200542005	0.005420054200542005	0.008130081300813009	0.04336043360433604	0.005420054200542005	0.01084010840108401	0.02710027100271003	0.037940379403794036	0.07588075880758807	0.0027100271002710027	0.01084010840108401	0.03523035230352303	0.06504065040650407	0.0975609756097561	0.005420054200542005	0.037940379403794036	0.04065040650406504	0.0948509485094851
151_Rx2	0.12059765208110992	0.030949839914621132	0.05656350053361793	0.05016008537886873	0.09818569903948772	0.032017075773746	0.007470651013874066	0.012806830309498399	0.014941302027748132	0.0288153681963714	0.04695837780149413	0.0096051227321238	0.010672358591248666	0.017075773745997867	0.03948772678762007	0.05336179295624333	0.014941302027748132	0.012806830309498399	0.030949839914621132	0.030949839914621132	0.10245464247598719	0.033084311632870865	0.030949839914621132	0.030949839914621132	0.0832443970117396
161448_Xa26	0.16152450090744103	0.023593466424682397	0.04446460980036298	0.036297640653357534	0.1724137931034483	0.036297640653357534	0.003629764065335753	0.004537205081669692	0.006352087114337568	0.016333938294010888	0.04627949183303085	0.0054446460980036296	0.013611615245009074	0.004537205081669692	0.023593466424682397	0.039927404718693285	0.007259528130671506	0.004537205081669692	0.0054446460980036296	0.017241379310344827	0.15335753176043557	0.02722323049001815	0.02631578947368421	0.021778584392014518	0.09800362976406533
1498_xa21	0.16796875	0.029296875	0.044921875	0.0380859375	0.1474609375	0.0302734375	0.0	0.0107421875	0.0029296875	0.017578125	0.0498046875	0.00390625	0.0205078125	0.0048828125	0.02734375	0.0400390625	0.009765625	0.0009765625	0.005859375	0.0224609375	0.138671875	0.01953125	0.029296875	0.02734375	0.1103515625
Zea_gi|1314997910|ref|XP_023156941.1|	0.2087912087912088	0.038461538461538464	0.054945054945054944	0.054945054945054944	0.1043956043956044	0.04945054945054945	0.0	0.01098901098901099	0.016483516483516484	0.027472527472527472	0.038461538461538464	0.02197802197802198	0.0	0.0	0.02197802197802198	0.054945054945054944	0.016483516483516484	0.0	0.005494505494505495	0.02197802197802198	0.1043956043956044	0.027472527472527472	0.02197802197802198	0.02197802197802198	0.07692307692307693
Pha_gi|593263564|ref|XP_007133960.1|	0.11809045226130653	0.017587939698492462	0.01507537688442211	0.04271356783919598	0.12562814070351758	0.020100502512562814	0.002512562814070352	0.007537688442211055	0.007537688442211055	0.02763819095477387	0.035175879396984924	0.0	0.01507537688442211	0.020100502512562814	0.03768844221105527	0.02763819095477387	0.01256281407035176	0.022613065326633167	0.007537688442211055	0.032663316582914576	0.11809045226130653	0.032663316582914576	0.04773869346733668	0.02512562814070352	0.18090452261306533
170016_BAK1	0.16775244299674266	0.024429967426710098	0.048859934853420196	0.050488599348534204	0.12052117263843648	0.024429967426710098	0.008143322475570033	0.009771986970684038	0.008143322475570033	0.021172638436482084	0.05374592833876222	0.006514657980456026	0.019543973941368076	0.014657980456026058	0.02280130293159609	0.05211726384364821	0.014657980456026058	0.016286644951140065	0.017915309446254073	0.017915309446254073	0.11237785016286644	0.017915309446254073	0.024429967426710098	0.02768729641693811	0.09771986970684039
Ara_AT3G03440.1	0.18427518427518427	0.002457002457002457	0.04668304668304668	0.04914004914004914	0.12776412776412777	0.007371007371007371	0.0	0.002457002457002457	0.002457002457002457	0.002457002457002457	0.04176904176904177	0.007371007371007371	0.022113022113022112	0.0171990171990172	0.044226044226044224	0.03931203931203931	0.002457002457002457	0.0171990171990172	0.012285012285012284	0.04176904176904177	0.13513513513513514	0.002457002457002457	0.044226044226044224	0.03194103194103194	0.11547911547911548
Ara_AT1G79480.1	0.06818181818181818	0.022727272727272728	0.012626262626262626	0.012626262626262626	0.12373737373737374	0.022727272727272728	0.010101010101010102	0.005050505050505051	0.005050505050505051	0.03282828282828283	0.012626262626262626	0.005050505050505051	0.007575757575757576	0.0025252525252525255	0.017676767676767676	0.007575757575757576	0.005050505050505051	0.0025252525252525255	0.0	0.04040404040404041	0.12626262626262627	0.03535353535353535	0.017676767676767676	0.03535353535353535	0.3686868686868687
Ory_Jap_gi|1002295316|ref|XP_015611091.1|	0.21428571428571427	0.015306122448979591	0.07653061224489796	0.05612244897959184	0.05612244897959184	0.02040816326530612	0.00510204081632653	0.01020408163265306	0.01020408163265306	0.01020408163265306	0.07142857142857142	0.015306122448979591	0.03571428571428571	0.01020408163265306	0.05102040816326531	0.04081632653061224	0.0	0.030612244897959183	0.05102040816326531	0.030612244897959183	0.07142857142857142	0.02040816326530612	0.030612244897959183	0.025510204081632654	0.04081632653061224
142_Mi1.2	0.1265923566878981	0.03423566878980892	0.06369426751592357	0.0589171974522293	0.08917197452229299	0.026273885350318472	0.0023885350318471337	0.00875796178343949	0.018312101910828025	0.024681528662420384	0.058121019108280256	0.01194267515923567	0.024681528662420384	0.024681528662420384	0.022292993630573247	0.0589171974522293	0.010350318471337579	0.01910828025477707	0.03105095541401274	0.041401273885350316	0.10191082802547771	0.021496815286624203	0.026273885350318472	0.02786624203821656	0.06687898089171974
150964_RTM1	0.12716763005780346	0.03468208092485549	0.046242774566473986	0.028901734104046242	0.12716763005780346	0.057803468208092484	0.005780346820809248	0.017341040462427744	0.023121387283236993	0.023121387283236993	0.05202312138728324	0.017341040462427744	0.011560693641618497	0.017341040462427744	0.028901734104046242	0.046242774566473986	0.017341040462427744	0.011560693641618497	0.011560693641618497	0.017341040462427744	0.08092485549132948	0.05202312138728324	0.04046242774566474	0.023121387283236993	0.08092485549132948
Hel_gi|1228844072|ref|XP_021978999.1|	0.05925925925925926	0.022222222222222223	0.02962962962962963	0.037037037037037035	0.1111111111111111	0.007407407407407408	0.0	0.007407407407407408	0.02962962962962963	0.02962962962962963	0.02962962962962963	0.02962962962962963	0.02962962962962963	0.037037037037037035	0.044444444444444446	0.08148148148148149	0.007407407407407408	0.014814814814814815	0.022222222222222223	0.044444444444444446	0.07407407407407407	0.022222222222222223	0.08888888888888889	0.044444444444444446	0.0962962962962963
Ara_AT3G31925.1	0.10948905109489052	0.051094890510948905	0.021897810218978103	0.058394160583941604	0.145985401459854	0.043795620437956206	0.021897810218978103	0.014598540145985401	0.0072992700729927005	0.014598540145985401	0.051094890510948905	0.0072992700729927005	0.021897810218978103	0.0072992700729927005	0.0364963503649635	0.072992700729927	0.0	0.0	0.0072992700729927005	0.021897810218978103	0.10218978102189781	0.021897810218978103	0.06569343065693431	0.021897810218978103	0.072992700729927
Cuc_gi|659086077|ref|XP_008443753.1|	0.11479591836734694	0.016581632653061226	0.044642857142857144	0.03443877551020408	0.09821428571428571	0.030612244897959183	0.006377551020408163	0.01403061224489796	0.003826530612244898	0.026785714285714284	0.04846938775510204	0.02423469387755102	0.03188775510204082	0.02040816326530612	0.04336734693877551	0.036989795918367346	0.007653061224489796	0.025510204081632654	0.02040816326530612	0.02806122448979592	0.07653061224489796	0.026785714285714284	0.05357142857142857	0.039540816326530615	0.12627551020408162
Caa_gi|1026094081|ref|XP_016546192.1|	0.19727891156462585	0.013605442176870748	0.04081632653061224	0.08163265306122448	0.08843537414965986	0.013605442176870748	0.0	0.006802721088435374	0.013605442176870748	0.006802721088435374	0.05442176870748299	0.006802721088435374	0.006802721088435374	0.006802721088435374	0.034013605442176874	0.04081632653061224	0.013605442176870748	0.013605442176870748	0.006802721088435374	0.05442176870748299	0.10884353741496598	0.006802721088435374	0.04081632653061224	0.02040816326530612	0.12244897959183673
170002_Cre3	0.15217391304347827	0.041304347826086954	0.058695652173913045	0.05	0.09565217391304348	0.030434782608695653	0.009782608695652175	0.011956521739130435	0.010869565217391304	0.025	0.05434782608695652	0.011956521739130435	0.02826086956521739	0.020652173913043477	0.030434782608695653	0.05217391304347826	0.008695652173913044	0.016304347826086956	0.014130434782608696	0.02826086956521739	0.10760869565217392	0.016304347826086956	0.030434782608695653	0.025	0.06956521739130435
Beta_gi|731377098|ref|XP_010667777.1|	0.0967741935483871	0.016129032258064516	0.056451612903225805	0.024193548387096774	0.08870967741935484	0.024193548387096774	0.004032258064516129	0.020161290322580645	0.0	0.020161290322580645	0.056451612903225805	0.012096774193548387	0.06048387096774194	0.036290322580645164	0.03225806451612903	0.036290322580645164	0.004032258064516129	0.012096774193548387	0.04032258064516129	0.05241935483870968	0.06451612903225806	0.03225806451612903	0.04838709677419355	0.04435483870967742	0.11693548387096774
Ara_AT1G64050.1	0.07796101949025487	0.0074962518740629685	0.046476761619190406	0.044977511244377814	0.10794602698650675	0.01199400299850075	0.0029985007496251873	0.0029985007496251873	0.0014992503748125937	0.019490254872563718	0.046476761619190406	0.008995502248875561	0.04047976011994003	0.014992503748125937	0.06146926536731634	0.034482758620689655	0.0029985007496251873	0.017991004497751123	0.005997001499250375	0.035982008995502246	0.11244377811094453	0.01649175412293853	0.06446776611694154	0.029985007496251874	0.18290854572713644
Ara_AT1G78922.1	0.12217194570135746	0.02262443438914027	0.06334841628959276	0.03619909502262444	0.11312217194570136	0.01809954751131222	0.00904977375565611	0.004524886877828055	0.013574660633484163	0.013574660633484163	0.07692307692307693	0.004524886877828055	0.07239819004524888	0.004524886877828055	0.05429864253393665	0.04072398190045249	0.004524886877828055	0.004524886877828055	0.013574660633484163	0.01809954751131222	0.09502262443438914	0.01809954751131222	0.06787330316742081	0.01809954751131222	0.09049773755656108
Beta_gi|731349998|ref|XP_010686281.1|	0.14242424242424243	0.04242424242424243	0.01818181818181818	0.05757575757575758	0.0696969696969697	0.021212121212121213	0.00909090909090909	0.006060606060606061	0.015151515151515152	0.030303030303030304	0.030303030303030304	0.00909090909090909	0.012121212121212121	0.021212121212121213	0.02727272727272727	0.048484848484848485	0.00909090909090909	0.024242424242424242	0.04242424242424243	0.06060606060606061	0.08484848484848485	0.015151515151515152	0.03939393939393939	0.048484848484848485	0.11515151515151516
Ara_AT1G10100.1	0.10559006211180125	0.018633540372670808	0.055900621118012424	0.062111801242236024	0.10559006211180125	0.012422360248447204	0.006211180124223602	0.024844720496894408	0.012422360248447204	0.0	0.055900621118012424	0.012422360248447204	0.024844720496894408	0.024844720496894408	0.018633540372670808	0.06832298136645963	0.006211180124223602	0.024844720496894408	0.037267080745341616	0.043478260869565216	0.10559006211180125	0.012422360248447204	0.006211180124223602	0.043478260869565216	0.11180124223602485
136_Cf-9	0.09860788863109049	0.02668213457076566	0.04524361948955916	0.04176334106728538	0.1519721577726218	0.025522041763341066	0.002320185614849188	0.004640371229698376	0.010440835266821345	0.0382830626450116	0.0568445475638051	0.009280742459396751	0.008120649651972157	0.0034802784222737818	0.03248259860788863	0.037122969837587005	0.008120649651972157	0.008120649651972157	0.010440835266821345	0.02088167053364269	0.14501160092807425	0.03596287703016241	0.04408352668213457	0.018561484918793503	0.11600928074245939
Nic_tab_gi|57013971|ref|YP_173443.1|	0.11320754716981132	0.06289308176100629	0.0440251572327044	0.03773584905660377	0.11949685534591195	0.03773584905660377	0.006289308176100629	0.0	0.012578616352201259	0.0440251572327044	0.05660377358490566	0.006289308176100629	0.0	0.012578616352201259	0.025157232704402517	0.0440251572327044	0.0	0.012578616352201259	0.0	0.018867924528301886	0.12578616352201258	0.025157232704402517	0.0440251572327044	0.012578616352201259	0.13836477987421383
Gly_gi|1448303398|ref|XP_025982334.1|	0.144	0.024	0.088	0.032	0.128	0.016	0.0	0.0	0.0	0.04	0.064	0.008	0.024	0.0	0.056	0.04	0.0	0.008	0.008	0.024	0.152	0.024	0.032	0.04	0.048
Hel_gi|1228816507|ref|XP_022040818.1|	0.037037037037037035	0.018518518518518517	0.05092592592592592	0.023148148148148147	0.06944444444444445	0.032407407407407406	0.004629629629629629	0.0	0.009259259259259259	0.009259259259259259	0.023148148148148147	0.004629629629629629	0.018518518518518517	0.018518518518518517	0.05092592592592592	0.032407407407407406	0.013888888888888888	0.018518518518518517	0.07407407407407407	0.09722222222222222	0.06944444444444445	0.018518518518518517	0.027777777777777776	0.1111111111111111	0.16666666666666666
Gly_gi|571461399|ref|XP_006581983.1|	0.09322033898305085	0.020127118644067795	0.037076271186440676	0.04025423728813559	0.12076271186440678	0.024364406779661018	0.00423728813559322	0.01059322033898305	0.006355932203389831	0.020127118644067795	0.03389830508474576	0.00847457627118644	0.03072033898305085	0.018008474576271187	0.04449152542372881	0.04343220338983051	0.012711864406779662	0.013771186440677966	0.018008474576271187	0.0413135593220339	0.11546610169491525	0.020127118644067795	0.04343220338983051	0.046610169491525424	0.13241525423728814
Nic_tab_gi|1025193206|ref|XP_016475663.1|	0.11014492753623188	0.05217391304347826	0.028985507246376812	0.03768115942028986	0.1072463768115942	0.043478260869565216	0.017391304347826087	0.011594202898550725	0.0	0.04057971014492753	0.03768115942028986	0.005797101449275362	0.008695652173913044	0.0	0.0463768115942029	0.034782608695652174	0.008695652173913044	0.005797101449275362	0.0	0.02608695652173913	0.11014492753623188	0.028985507246376812	0.043478260869565216	0.03768115942028986	0.1565217391304348
Ory_Jap_gi|1002251844|ref|XP_015630158.1|	0.096045197740113	0.01694915254237288	0.022598870056497175	0.01694915254237288	0.12994350282485875	0.03389830508474576	0.005649717514124294	0.011299435028248588	0.005649717514124294	0.01694915254237288	0.04519774011299435	0.011299435028248588	0.03389830508474576	0.02824858757062147	0.04519774011299435	0.02824858757062147	0.01694915254237288	0.01694915254237288	0.02824858757062147	0.03389830508474576	0.07344632768361582	0.022598870056497175	0.07909604519774012	0.04519774011299435	0.13559322033898305
Hel_gi|1228843946|ref|XP_021978967.1|	0.1171875	0.015625	0.09375	0.0625	0.0625	0.03125	0.0078125	0.0	0.0078125	0.0078125	0.078125	0.0078125	0.0625	0.0390625	0.0390625	0.0703125	0.0234375	0.0234375	0.046875	0.0234375	0.0546875	0.0	0.046875	0.03125	0.046875
Zea_gi|226492660|ref|NP_001144916.1|	0.17222222222222222	0.027777777777777776	0.05555555555555555	0.011111111111111112	0.13333333333333333	0.027777777777777776	0.016666666666666666	0.005555555555555556	0.005555555555555556	0.022222222222222223	0.05555555555555555	0.016666666666666666	0.05	0.016666666666666666	0.03333333333333333	0.05555555555555555	0.0	0.011111111111111112	0.016666666666666666	0.005555555555555556	0.08333333333333333	0.022222222222222223	0.05	0.03888888888888889	0.06666666666666667
161440_Pl8	0.1267605633802817	0.03286384976525822	0.06416275430359937	0.04538341158059468	0.1056338028169014	0.024256651017214397	0.005477308294209703	0.009389671361502348	0.013302034428794992	0.025039123630672927	0.05712050078247261	0.012519561815336464	0.017214397496087636	0.02269170579029734	0.027386541471048513	0.06025039123630673	0.007042253521126761	0.010954616588419406	0.02190923317683881	0.035211267605633804	0.1056338028169014	0.019561815336463225	0.035211267605633804	0.03286384976525822	0.08215962441314555
Nic_tab_gi|1025278109|ref|XP_016494759.1|	0.1925925925925926	0.037037037037037035	0.044444444444444446	0.03333333333333333	0.11851851851851852	0.05555555555555555	0.007407407407407408	0.003703703703703704	0.0	0.018518518518518517	0.037037037037037035	0.018518518518518517	0.007407407407407408	0.03333333333333333	0.022222222222222223	0.03333333333333333	0.003703703703703704	0.014814814814814815	0.011111111111111112	0.022222222222222223	0.10740740740740741	0.018518518518518517	0.04814814814814815	0.007407407407407408	0.1037037037037037
Beta_gi|731320699|ref|XP_010670953.1|	0.09836065573770492	0.0351288056206089	0.08430913348946135	0.03278688524590164	0.08665105386416862	0.02810304449648712	0.0117096018735363	0.02107728337236534	0.00702576112412178	0.03044496487119438	0.07259953161592506	0.0117096018735363	0.0351288056206089	0.01873536299765808	0.04918032786885246	0.05152224824355972	0.0117096018735363	0.00702576112412178	0.01873536299765808	0.01639344262295082	0.08665105386416862	0.02810304449648712	0.03981264637002342	0.02810304449648712	0.08899297423887588
Aeg_gi|1149828016|ref|XP_020171322.1|	0.1111111111111111	0.030864197530864196	0.06172839506172839	0.03497942386831276	0.10493827160493827	0.01646090534979424	0.006172839506172839	0.006172839506172839	0.012345679012345678	0.018518518518518517	0.06584362139917696	0.0	0.024691358024691357	0.012345679012345678	0.05761316872427984	0.03497942386831276	0.00205761316872428	0.01646090534979424	0.00823045267489712	0.030864197530864196	0.11316872427983539	0.0205761316872428	0.053497942386831275	0.024691358024691357	0.13168724279835392
135724_P2	0.12217573221757322	0.03598326359832636	0.05690376569037657	0.04686192468619247	0.10543933054393305	0.027615062761506277	0.008368200836820083	0.0100418410041841	0.012552301255230125	0.022594142259414227	0.05774058577405858	0.013389121338912133	0.022594142259414227	0.013389121338912133	0.04184100418410042	0.048535564853556486	0.005857740585774059	0.0200836820083682	0.02092050209205021	0.027615062761506277	0.11046025104602511	0.018410041841004185	0.03933054393305439	0.029288702928870293	0.08200836820083682
Hel_gi|1228832112|ref|XP_021974033.1|	0.14009661835748793	0.028985507246376812	0.06038647342995169	0.04106280193236715	0.08695652173913043	0.01932367149758454	0.012077294685990338	0.00966183574879227	0.00966183574879227	0.028985507246376812	0.050724637681159424	0.004830917874396135	0.01932367149758454	0.021739130434782608	0.03140096618357488	0.057971014492753624	0.007246376811594203	0.00966183574879227	0.033816425120772944	0.021739130434782608	0.0893719806763285	0.026570048309178744	0.028985507246376812	0.024154589371980676	0.13526570048309178
Nic_tab_gi|1025224058|ref|XP_016482903.1|	0.21212121212121213	0.05555555555555555	0.050505050505050504	0.050505050505050504	0.09090909090909091	0.06060606060606061	0.010101010101010102	0.005050505050505051	0.010101010101010102	0.045454545454545456	0.04040404040404041	0.015151515151515152	0.020202020202020204	0.015151515151515152	0.015151515151515152	0.04040404040404041	0.010101010101010102	0.005050505050505051	0.0	0.030303030303030304	0.10606060606060606	0.04040404040404041	0.025252525252525252	0.010101010101010102	0.03535353535353535
Hel_gi|1228810190|ref|XP_022038004.1|	0.12121212121212122	0.026515151515151516	0.056818181818181816	0.026515151515151516	0.0946969696969697	0.022727272727272728	0.011363636363636364	0.026515151515151516	0.003787878787878788	0.011363636363636364	0.04924242424242424	0.015151515151515152	0.03409090909090909	0.01893939393939394	0.06818181818181818	0.030303030303030304	0.003787878787878788	0.01893939393939394	0.003787878787878788	0.030303030303030304	0.09848484848484848	0.01893939393939394	0.04924242424242424	0.03409090909090909	0.125
130_Bs2	0.12831858407079647	0.028761061946902654	0.06415929203539823	0.051991150442477874	0.08628318584070796	0.028761061946902654	0.00331858407079646	0.015486725663716814	0.011061946902654867	0.02654867256637168	0.048672566371681415	0.011061946902654867	0.023230088495575223	0.02654867256637168	0.046460176991150445	0.06084070796460177	0.011061946902654867	0.016592920353982302	0.023230088495575223	0.032079646017699116	0.0918141592920354	0.030973451327433628	0.03761061946902655	0.030973451327433628	0.06415929203539823
Beta_gi|731328078|ref|XP_010674853.1|	0.15481171548117154	0.031679617453676034	0.07650926479378362	0.04363419007770472	0.08726838015540944	0.038852361028093245	0.00657501494321578	0.008965929468021518	0.009563658099222952	0.015540944411237299	0.04781829049611477	0.011954572624028692	0.011954572624028692	0.02630005977286312	0.042438732815301854	0.06156604901374776	0.004781829049611476	0.015540944411237299	0.017931858936043037	0.02630005977286312	0.09025702331141662	0.024506873879258817	0.028093245666467422	0.02869097429766886	0.08846383741781232
170025_Pi_Kh	0.11550151975683891	0.02127659574468085	0.04559270516717325	0.06990881458966565	0.13677811550151975	0.0243161094224924	0.00303951367781155	0.00303951367781155	0.0060790273556231	0.02127659574468085	0.07598784194528875	0.00303951367781155	0.00303951367781155	0.015197568389057751	0.015197568389057751	0.057750759878419454	0.0060790273556231	0.02735562310030395	0.00911854103343465	0.0364741641337386	0.11246200607902736	0.0243161094224924	0.03343465045592705	0.0364741641337386	0.0972644376899696
161438_Pm3	0.14214992927864215	0.028995756718528994	0.05091937765205092	0.05799151343705799	0.11244695898161244	0.024045261669024046	0.004243281471004243	0.009193776520509194	0.009900990099009901	0.02263083451202263	0.051626591230551626	0.016973125884016973	0.019801980198019802	0.016973125884016973	0.03536067892503536	0.05091937765205092	0.008486562942008486	0.02263083451202263	0.01272984441301273	0.031117397454031116	0.12305516265912306	0.011315417256011316	0.03818953323903819	0.028288543140028287	0.07001414427157002
Beta_gi|1108949027|ref|XP_019106210.1|	0.046948356807511735	0.04225352112676056	0.014084507042253521	0.018779342723004695	0.11267605633802817	0.028169014084507043	0.004694835680751174	0.03755868544600939	0.0	0.028169014084507043	0.03286384976525822	0.0	0.03755868544600939	0.0	0.07042253521126761	0.009389671361502348	0.014084507042253521	0.014084507042253521	0.004694835680751174	0.028169014084507043	0.11267605633802817	0.03755868544600939	0.03755868544600939	0.046948356807511735	0.22065727699530516
Lac_gi|1340477879|ref|XP_023765812.1|	0.08695652173913043	0.021739130434782608	0.057971014492753624	0.050724637681159424	0.09420289855072464	0.036231884057971016	0.0	0.0	0.0	0.007246376811594203	0.07971014492753623	0.007246376811594203	0.050724637681159424	0.036231884057971016	0.050724637681159424	0.043478260869565216	0.0	0.021739130434782608	0.021739130434782608	0.036231884057971016	0.057971014492753624	0.014492753623188406	0.09420289855072464	0.014492753623188406	0.11594202898550725
170003_Yr10	0.1336573511543135	0.03645200486026731	0.06439854191980558	0.05710814094775213	0.10692588092345079	0.031591737545565005	0.007290400972053463	0.012150668286755772	0.00850546780072904	0.015795868772782502	0.05589307411907655	0.010935601458080195	0.02187120291616039	0.02916160388821385	0.032806804374240585	0.06318347509113001	0.009720534629404616	0.019441069258809233	0.018226002430133656	0.02187120291616039	0.11300121506682867	0.010935601458080195	0.03402187120291616	0.019441069258809233	0.06561360874848117
Zea_gi|670376136|ref|XP_008669297.1|	0.08628005657708628	0.014144271570014143	0.04101838755304102	0.04809052333804809	0.1074964639321075	0.016973125884016973	0.0014144271570014145	0.007072135785007072	0.008486562942008486	0.021216407355021217	0.039603960396039604	0.007072135785007072	0.011315417256011316	0.024045261669024046	0.04526166902404526	0.05374823196605375	0.01272984441301273	0.016973125884016973	0.024045261669024046	0.05233380480905234	0.09900990099009901	0.021216407355021217	0.05091937765205092	0.055162659123055166	0.13437057991513437
Beta_gi|731380412|ref|XP_010668718.1|	0.1962025316455696	0.02531645569620253	0.03164556962025317	0.05063291139240506	0.10759493670886076	0.02531645569620253	0.006329113924050633	0.0379746835443038	0.0	0.0189873417721519	0.05063291139240506	0.03164556962025317	0.0379746835443038	0.006329113924050633	0.0379746835443038	0.0379746835443038	0.006329113924050633	0.0189873417721519	0.0	0.02531645569620253	0.0949367088607595	0.0189873417721519	0.0379746835443038	0.03164556962025317	0.06329113924050633
Beta_gi|9838417|ref|NP_064030.1|	0.1015625	0.046875	0.0859375	0.015625	0.0859375	0.0234375	0.0078125	0.015625	0.0078125	0.0234375	0.078125	0.0078125	0.03125	0.015625	0.0546875	0.0234375	0.0	0.0078125	0.0078125	0.046875	0.1015625	0.015625	0.046875	0.046875	0.1015625
170017_CHS3	0.11538461538461539	0.03225806451612903	0.05583126550868486	0.05334987593052109	0.08933002481389578	0.02977667493796526	0.008684863523573201	0.01054590570719603	0.011786600496277916	0.021712158808933003	0.057692307692307696	0.011166253101736972	0.024193548387096774	0.024193548387096774	0.039081885856079406	0.042803970223325064	0.011166253101736972	0.02357320099255583	0.02481389578163772	0.04156327543424317	0.10049627791563276	0.019230769230769232	0.04218362282878412	0.02977667493796526	0.0794044665012407
Ara_AT2G46360.1	0.11458333333333333	0.0	0.052083333333333336	0.052083333333333336	0.0625	0.010416666666666666	0.0	0.020833333333333332	0.0	0.0	0.0625	0.020833333333333332	0.09375	0.10416666666666667	0.020833333333333332	0.041666666666666664	0.010416666666666666	0.0625	0.052083333333333336	0.041666666666666664	0.052083333333333336	0.0	0.07291666666666667	0.0	0.052083333333333336
Zea_gi|1162483857|ref|XP_008649662.2|	0.17753623188405798	0.03985507246376811	0.03260869565217391	0.057971014492753624	0.09782608695652174	0.018115942028985508	0.0	0.010869565217391304	0.014492753623188406	0.025362318840579712	0.025362318840579712	0.010869565217391304	0.028985507246376812	0.010869565217391304	0.043478260869565216	0.04710144927536232	0.0036231884057971015	0.014492753623188406	0.010869565217391304	0.03260869565217391	0.13405797101449277	0.014492753623188406	0.03260869565217391	0.014492753623188406	0.10144927536231885
137_Cf9B	0.10185185185185185	0.027777777777777776	0.04513888888888889	0.04050925925925926	0.15046296296296297	0.02662037037037037	0.004629629629629629	0.005787037037037037	0.008101851851851851	0.034722222222222224	0.059027777777777776	0.010416666666666666	0.009259259259259259	0.0023148148148148147	0.03125	0.03819444444444445	0.010416666666666666	0.005787037037037037	0.011574074074074073	0.020833333333333332	0.1388888888888889	0.027777777777777776	0.046296296296296294	0.024305555555555556	0.11805555555555555
135720_PEPR1	0.1443850267379679	0.0285204991087344	0.049019607843137254	0.040998217468805706	0.14349376114081996	0.024955436720142603	0.0035650623885918	0.0071301247771836	0.006238859180035651	0.02406417112299465	0.044563279857397504	0.00980392156862745	0.017825311942959002	0.00980392156862745	0.024955436720142603	0.045454545454545456	0.006238859180035651	0.006238859180035651	0.008021390374331552	0.0285204991087344	0.14616755793226383	0.017825311942959002	0.027629233511586453	0.029411764705882353	0.1051693404634581
Aeg_gi|1149702678|ref|XP_020168558.1|	0.1274787535410765	0.036827195467422094	0.056657223796033995	0.031161473087818695	0.11898016997167139	0.028328611898016998	0.0169971671388102	0.0226628895184136	0.0084985835694051	0.0169971671388102	0.04815864022662889	0.0113314447592068	0.0226628895184136	0.0113314447592068	0.053824362606232294	0.0339943342776204	0.0056657223796034	0.0226628895184136	0.0028328611898017	0.014164305949008499	0.13031161473087818	0.0226628895184136	0.0226628895184136	0.025495750708215296	0.10764872521246459
Sol_lyc_gi|1104621250|ref|XP_019069336.1|	0.21978021978021978	0.01098901098901099	0.08791208791208792	0.04395604395604396	0.0989010989010989	0.04395604395604396	0.0	0.01098901098901099	0.0	0.0	0.0989010989010989	0.01098901098901099	0.03296703296703297	0.01098901098901099	0.04395604395604396	0.01098901098901099	0.0	0.04395604395604396	0.01098901098901099	0.01098901098901099	0.07692307692307693	0.03296703296703297	0.03296703296703297	0.01098901098901099	0.054945054945054944
161461_Serk3A	0.15798045602605862	0.029315960912052116	0.050488599348534204	0.043973941368078175	0.12214983713355049	0.029315960912052116	0.004885993485342019	0.008143322475570033	0.009771986970684038	0.019543973941368076	0.05537459283387622	0.008143322475570033	0.017915309446254073	0.011400651465798045	0.02280130293159609	0.048859934853420196	0.014657980456026058	0.014657980456026058	0.019543973941368076	0.024429967426710098	0.11074918566775244	0.014657980456026058	0.026058631921824105	0.03745928338762215	0.09771986970684039
170022_Rxo1	0.1404867256637168	0.03761061946902655	0.06305309734513274	0.04314159292035398	0.10508849557522124	0.029867256637168143	0.008849557522123894	0.01327433628318584	0.012168141592920354	0.022123893805309734	0.06415929203539823	0.007743362831858407	0.023230088495575223	0.018805309734513276	0.035398230088495575	0.05641592920353982	0.007743362831858407	0.011061946902654867	0.018805309734513276	0.030973451327433628	0.09845132743362832	0.024336283185840708	0.03871681415929203	0.032079646017699116	0.05641592920353982
Sol_lyc_gi|723697949|ref|XP_010320767.1|	0.10227272727272728	0.030303030303030304	0.03409090909090909	0.015151515151515152	0.08712121212121213	0.015151515151515152	0.003787878787878788	0.011363636363636364	0.003787878787878788	0.03787878787878788	0.03787878787878788	0.011363636363636364	0.022727272727272728	0.015151515151515152	0.045454545454545456	0.015151515151515152	0.007575757575757576	0.015151515151515152	0.007575757575757576	0.026515151515151516	0.0946969696969697	0.022727272727272728	0.04924242424242424	0.030303030303030304	0.25757575757575757
