#	A	C	D	E	F	G	H	I	K	L	M	N	P	Q	R	S	T	V	W	Y
170032_NDR1	0.045662100456621	0.0273972602739726	0.0547945205479452	0.0182648401826484	0.0684931506849315	0.0639269406392694	0.0091324200913242	0.045662100456621	0.1050228310502283	0.091324200913242	0.0182648401826484	0.0867579908675799	0.0410958904109589	0.0319634703196347	0.045662100456621	0.0684931506849315	0.0593607305936073	0.0821917808219178	0.0136986301369863	0.0228310502283105
Zea_gi|293337209|ref|NP_001168727.1|	0.08285163776493257	0.030828516377649325	0.04431599229287091	0.07707129094412331	0.030828516377649325	0.05202312138728324	0.01348747591522158	0.05009633911368015	0.07321772639691715	0.09441233140655106	0.04046242774566474	0.06165703275529865	0.05394990366088632	0.03468208092485549	0.05202312138728324	0.057803468208092484	0.06165703275529865	0.05202312138728324	0.009633911368015413	0.02697495183044316
Beta_gi|731329466|ref|XP_010675606.1|	0.043478260869565216	0.0782608695652174	0.017391304347826087	0.008695652173913044	0.02608695652173913	0.09565217391304348	0.034782608695652174	0.08695652173913043	0.05217391304347826	0.0782608695652174	0.043478260869565216	0.08695652173913043	0.05217391304347826	0.0782608695652174	0.0	0.06956521739130435	0.043478260869565216	0.0782608695652174	0.0	0.02608695652173913
154_Tm-2a	0.04878048780487805	0.020905923344947737	0.06620209059233449	0.05574912891986063	0.04645760743321719	0.04529616724738676	0.025551684088269456	0.07317073170731707	0.06968641114982578	0.13356562137049943	0.023228803716608595	0.05807200929152149	0.03484320557491289	0.026713124274099883	0.06387921022067364	0.07897793263646923	0.0313588850174216	0.056910569105691054	0.010452961672473868	0.030197444831591175
Ara_AT4G35375.1	0.018018018018018018	0.02702702702702703	0.036036036036036036	0.14414414414414414	0.02702702702702703	0.018018018018018018	0.009009009009009009	0.018018018018018018	0.13513513513513514	0.16216216216216217	0.009009009009009009	0.018018018018018018	0.009009009009009009	0.05405405405405406	0.12612612612612611	0.09009009009009009	0.036036036036036036	0.02702702702702703	0.0	0.036036036036036036
Caa_gi|1026106386|ref|XP_016552198.1|	0.019230769230769232	0.028846153846153848	0.019230769230769232	0.0673076923076923	0.0673076923076923	0.057692307692307696	0.009615384615384616	0.038461538461538464	0.038461538461538464	0.16346153846153846	0.028846153846153848	0.038461538461538464	0.038461538461538464	0.057692307692307696	0.057692307692307696	0.09615384615384616	0.07692307692307693	0.04807692307692308	0.028846153846153848	0.019230769230769232
161456_Rdg2a	0.036525974025974024	0.033279220779220776	0.049512987012987016	0.08035714285714286	0.030844155844155844	0.05844155844155844	0.01948051948051948	0.05357142857142857	0.07061688311688312	0.1461038961038961	0.03409090909090909	0.03571428571428571	0.040584415584415584	0.03896103896103896	0.052759740259740256	0.08198051948051949	0.037337662337662336	0.06574675324675325	0.017857142857142856	0.016233766233766232
Caa_gi|1026089845|ref|XP_016544063.1|	0.07155635062611806	0.007155635062611807	0.0518783542039356	0.09481216457960644	0.023255813953488372	0.044722719141323794	0.026833631484794274	0.017889087656529516	0.06976744186046512	0.0626118067978533	0.012522361359570662	0.03398926654740608	0.07513416815742398	0.016100178890876567	0.17173524150268335	0.14311270125223613	0.028622540250447227	0.026833631484794274	0.0035778175313059034	0.017889087656529516
1488_Pi-ta	0.061422413793103446	0.018318965517241378	0.06788793103448276	0.05172413793103448	0.036637931034482756	0.05818965517241379	0.032327586206896554	0.057112068965517244	0.04525862068965517	0.1336206896551724	0.02586206896551724	0.0334051724137931	0.04418103448275862	0.04418103448275862	0.06788793103448276	0.07327586206896551	0.05387931034482758	0.059267241379310345	0.014008620689655173	0.021551724137931036
Gly_gi|1448302922|ref|XP_003550261.2|	0.0684931506849315	0.0273972602739726	0.06164383561643835	0.03424657534246575	0.0547945205479452	0.14383561643835616	0.0410958904109589	0.06164383561643835	0.08904109589041095	0.04794520547945205	0.0273972602739726	0.0684931506849315	0.02054794520547945	0.00684931506849315	0.0273972602739726	0.0821917808219178	0.06164383561643835	0.0684931506849315	0.00684931506849315	0.0
170028_Pti1	0.10451977401129943	0.01694915254237288	0.07344632768361582	0.03954802259887006	0.02824858757062147	0.07344632768361582	0.031073446327683617	0.0423728813559322	0.059322033898305086	0.0903954802259887	0.022598870056497175	0.03389830508474576	0.05649717514124294	0.04519774011299435	0.05367231638418079	0.07344632768361582	0.03672316384180791	0.08192090395480225	0.005649717514124294	0.031073446327683617
150961_RPW8.1	0.0945945945945946	0.02027027027027027	0.05405405405405406	0.08108108108108109	0.04054054054054054	0.033783783783783786	0.006756756756756757	0.11486486486486487	0.07432432432432433	0.0945945945945946	0.013513513513513514	0.006756756756756757	0.02702702702702703	0.033783783783783786	0.0945945945945946	0.05405405405405406	0.02702702702702703	0.08783783783783784	0.006756756756756757	0.033783783783783786
150965_RTM2	0.08196721311475409	0.00546448087431694	0.01639344262295082	0.16393442622950818	0.02459016393442623	0.05191256830601093	0.00819672131147541	0.03825136612021858	0.14754098360655737	0.07923497267759563	0.030054644808743168	0.02185792349726776	0.030054644808743168	0.03551912568306011	0.04918032786885246	0.08743169398907104	0.04644808743169399	0.060109289617486336	0.00546448087431694	0.01639344262295082
Sol_tub_gi|971564505|ref|XP_015167790.1|	0.05963302752293578	0.01834862385321101	0.07339449541284404	0.05045871559633028	0.05045871559633028	0.05963302752293578	0.045871559633027525	0.06880733944954129	0.07339449541284404	0.05963302752293578	0.022935779816513763	0.05504587155963303	0.03669724770642202	0.045871559633027525	0.03669724770642202	0.09174311926605505	0.04128440366972477	0.07339449541284404	0.013761467889908258	0.022935779816513763
135726_RPG1	0.04702970297029703	0.0297029702970297	0.04207920792079208	0.08168316831683169	0.03341584158415842	0.0655940594059406	0.03589108910891089	0.08292079207920793	0.08292079207920793	0.07920792079207921	0.023514851485148515	0.04207920792079208	0.034653465346534656	0.03094059405940594	0.054455445544554455	0.0655940594059406	0.04950495049504951	0.08168316831683169	0.006188118811881188	0.03094059405940594
149_Rpi-blb2	0.03393843725335438	0.016574585635359115	0.08287292817679558	0.08760852407261246	0.043409629044988164	0.037095501183898975	0.02999210734017364	0.06708760852407261	0.07655880031570639	0.15311760063141278	0.021310181531176007	0.042620363062352014	0.02999210734017364	0.02367797947908445	0.04025256511444357	0.07576953433307025	0.04419889502762431	0.056037884767166535	0.013417521704814523	0.0244672454617206
Ory_Jap_gi|1002244752|ref|XP_015626565.1|	0.11538461538461539	0.005128205128205128	0.07435897435897436	0.08205128205128205	0.017948717948717947	0.046153846153846156	0.023076923076923078	0.035897435897435895	0.08205128205128205	0.03076923076923077	0.020512820512820513	0.01282051282051282	0.07948717948717948	0.028205128205128206	0.08205128205128205	0.11538461538461539	0.06153846153846154	0.07948717948717948	0.0	0.007692307692307693
135723_Mlo	0.07317073170731707	0.01125703564727955	0.043151969981238276	0.039399624765478425	0.06191369606003752	0.05065666041275797	0.0375234521575985	0.054409005628517824	0.06378986866791744	0.09568480300187618	0.043151969981238276	0.020637898686679174	0.05065666041275797	0.03564727954971857	0.0525328330206379	0.08067542213883677	0.058161350844277676	0.08442776735459662	0.024390243902439025	0.01876172607879925
Hel_gi|1228841945|ref|XP_021978371.1|	0.0391644908616188	0.020887728459530026	0.06005221932114883	0.057441253263707574	0.044386422976501305	0.07049608355091384	0.013054830287206266	0.06005221932114883	0.0783289817232376	0.08093994778067885	0.02610966057441253	0.08616187989556136	0.04177545691906005	0.031331592689295036	0.04960835509138381	0.06005221932114883	0.04699738903394256	0.08616187989556136	0.018276762402088774	0.028720626631853787
1501_Rps1-k-1	0.03742880390561432	0.029292107404393815	0.05695687550854353	0.06834825061025224	0.04068348250610252	0.045565500406834825	0.025223759153783564	0.05207485760781123	0.07811228641171684	0.15215622457282343	0.022782750203417412	0.04963384865744508	0.046379170056956874	0.022782750203417412	0.047192839707078924	0.0919446704637917	0.044751830756712775	0.05207485760781123	0.01708706265256306	0.01952807160292921
Aeg_gi|1149775077|ref|XP_020151297.1|	0.20714285714285716	0.007142857142857143	0.02857142857142857	0.0	0.007142857142857143	0.007142857142857143	0.007142857142857143	0.0	0.007142857142857143	0.03571428571428571	0.007142857142857143	0.02142857142857143	0.2642857142857143	0.014285714285714285	0.17857142857142858	0.12857142857142856	0.04285714285714286	0.02857142857142857	0.007142857142857143	0.0
Cuc_gi|659126076|ref|XP_008462998.1|	0.036585365853658534	0.042682926829268296	0.018292682926829267	0.054878048780487805	0.04878048780487805	0.018292682926829267	0.024390243902439025	0.06707317073170732	0.12195121951219512	0.11585365853658537	0.012195121951219513	0.07926829268292683	0.036585365853658534	0.036585365853658534	0.06707317073170732	0.12195121951219512	0.04878048780487805	0.042682926829268296	0.0	0.006097560975609756
Zea_gi|1314996614|ref|XP_023157149.1|	0.1523809523809524	0.01904761904761905	0.06666666666666667	0.0380952380952381	0.009523809523809525	0.09523809523809523	0.047619047619047616	0.009523809523809525	0.009523809523809525	0.09523809523809523	0.02857142857142857	0.009523809523809525	0.0	0.05714285714285714	0.17142857142857143	0.06666666666666667	0.0380952380952381	0.08571428571428572	0.0	0.0
Caa_gi|1026008754|ref|XP_016556129.1|	0.08484848484848485	0.01616161616161616	0.06262626262626263	0.07878787878787878	0.030303030303030304	0.05656565656565657	0.010101010101010102	0.026262626262626262	0.050505050505050504	0.050505050505050504	0.026262626262626262	0.05454545454545454	0.12525252525252525	0.052525252525252523	0.05858585858585859	0.06464646464646465	0.05454545454545454	0.06262626262626263	0.0	0.03434343434343434
Aeg_gi|1149791581|ref|XP_020157245.1|	0.09774436090225563	0.0	0.09022556390977443	0.15789473684210525	0.015037593984962405	0.03759398496240601	0.007518796992481203	0.015037593984962405	0.03759398496240601	0.09022556390977443	0.022556390977443608	0.0	0.06766917293233082	0.03007518796992481	0.15789473684210525	0.07518796992481203	0.022556390977443608	0.06015037593984962	0.0	0.015037593984962405
Aeg_gi|1149822315|ref|XP_020169397.1|	0.09660574412532637	0.018276762402088774	0.06788511749347259	0.04960835509138381	0.03655352480417755	0.08616187989556136	0.013054830287206266	0.04699738903394256	0.0391644908616188	0.09138381201044386	0.031331592689295036	0.018276762402088774	0.05221932114882506	0.0391644908616188	0.044386422976501305	0.10182767624020887	0.04960835509138381	0.07049608355091384	0.018276762402088774	0.028720626631853787
170021_prv	0.0274442538593482	0.018867924528301886	0.06174957118353345	0.0686106346483705	0.044596912521440824	0.05660377358490566	0.029159519725557463	0.07289879931389365	0.0711835334476844	0.13636363636363635	0.024871355060034305	0.045454545454545456	0.03173241852487135	0.04373927958833619	0.04373927958833619	0.09176672384219554	0.03945111492281304	0.05660377358490566	0.009433962264150943	0.025728987993138937
Sol_lyc_gi|1042705533|ref|NP_001316135.1|	0.031818181818181815	0.031818181818181815	0.0659090909090909	0.03409090909090909	0.05	0.09090909090909091	0.011363636363636364	0.07045454545454545	0.05909090909090909	0.075	0.03409090909090909	0.045454545454545456	0.05	0.03636363636363636	0.031818181818181815	0.10227272727272728	0.0659090909090909	0.05454545454545454	0.00909090909090909	0.05
Gly_gi|571457931|ref|XP_006580954.1|	0.10362694300518134	0.025906735751295335	0.03626943005181347	0.046632124352331605	0.05181347150259067	0.02072538860103627	0.025906735751295335	0.07772020725388601	0.08290155440414508	0.11917098445595854	0.010362694300518135	0.031088082901554404	0.03626943005181347	0.04145077720207254	0.06735751295336788	0.05699481865284974	0.05181347150259067	0.08290155440414508	0.010362694300518135	0.02072538860103627
Beta_gi|731373485|ref|XP_010666659.1|	0.06578947368421052	0.009868421052631578	0.05921052631578947	0.09868421052631579	0.04276315789473684	0.04276315789473684	0.006578947368421052	0.06907894736842106	0.1118421052631579	0.07236842105263158	0.023026315789473683	0.049342105263157895	0.046052631578947366	0.04276315789473684	0.046052631578947366	0.08223684210526316	0.049342105263157895	0.039473684210526314	0.01644736842105263	0.02631578947368421
Caa_gi|1026023588|ref|XP_016558148.1|	0.07905138339920949	0.007905138339920948	0.07114624505928854	0.019762845849802372	0.039525691699604744	0.22134387351778656	0.011857707509881422	0.08695652173913043	0.02766798418972332	0.09090909090909091	0.007905138339920948	0.039525691699604744	0.023715415019762844	0.023715415019762844	0.039525691699604744	0.07114624505928854	0.039525691699604744	0.07905138339920949	0.0	0.019762845849802372
Aeg_gi|1149801485|ref|XP_020161072.1|	0.09466019417475728	0.019417475728155338	0.03640776699029126	0.02912621359223301	0.06553398058252427	0.09223300970873786	0.038834951456310676	0.0412621359223301	0.021844660194174758	0.09951456310679611	0.01699029126213592	0.02912621359223301	0.06067961165048544	0.024271844660194174	0.06553398058252427	0.09466019417475728	0.06796116504854369	0.07524271844660194	0.007281553398058253	0.019417475728155338
Gly_gi|1594705191|ref|NP_001356049.1|	0.0625	0.01953125	0.0703125	0.02734375	0.078125	0.0390625	0.046875	0.0625	0.05859375	0.08984375	0.01953125	0.046875	0.04296875	0.05859375	0.0390625	0.109375	0.046875	0.046875	0.00390625	0.03125
Hel_gi|1228924136|ref|XP_022012342.1|	0.07297297297297298	0.04864864864864865	0.0972972972972973	0.0918918918918919	0.016216216216216217	0.07567567567567568	0.013513513513513514	0.04054054054054054	0.06756756756756757	0.07297297297297298	0.016216216216216217	0.04864864864864865	0.01891891891891892	0.032432432432432434	0.043243243243243246	0.0891891891891892	0.04054054054054054	0.1	0.008108108108108109	0.005405405405405406
151_Rx2	0.046908315565031986	0.0255863539445629	0.0628997867803838	0.08102345415778252	0.04904051172707889	0.04157782515991471	0.022388059701492536	0.05970149253731343	0.04797441364605544	0.12473347547974413	0.022388059701492536	0.04157782515991471	0.04477611940298507	0.03731343283582089	0.053304904051172705	0.08208955223880597	0.04904051172707889	0.060767590618336885	0.014925373134328358	0.031982942430703626
161448_Xa26	0.05802357207615594	0.014505893019038985	0.0471441523118767	0.027198549410698096	0.038984587488667274	0.0743427017225748	0.02901178603807797	0.05893019038984588	0.028105167724388033	0.1631912964641886	0.02901178603807797	0.07615593834995467	0.04986400725294651	0.03445149592021759	0.03626473254759746	0.0942883046237534	0.05802357207615594	0.05439709882139619	0.008159564823209429	0.019945602901178604
1498_xa21	0.04682926829268293	0.0175609756097561	0.04097560975609756	0.03804878048780488	0.03219512195121951	0.08780487804878048	0.027317073170731707	0.06731707317073171	0.0351219512195122	0.17073170731707318	0.012682926829268294	0.07317073170731707	0.04390243902439024	0.02926829268292683	0.04390243902439024	0.11219512195121951	0.04878048780487805	0.041951219512195125	0.00975609756097561	0.02048780487804878
Zea_gi|1314997910|ref|XP_023156941.1|	0.18579234972677597	0.03278688524590164	0.0546448087431694	0.04371584699453552	0.03278688524590164	0.04371584699453552	0.01092896174863388	0.01092896174863388	0.02185792349726776	0.10382513661202186	0.03278688524590164	0.03278688524590164	0.0273224043715847	0.04371584699453552	0.0546448087431694	0.04371584699453552	0.07103825136612021	0.08196721311475409	0.02185792349726776	0.04918032786885246
Pha_gi|593263564|ref|XP_007133960.1|	0.05012531328320802	0.007518796992481203	0.047619047619047616	0.05513784461152882	0.047619047619047616	0.047619047619047616	0.017543859649122806	0.047619047619047616	0.05012531328320802	0.06265664160401002	0.042606516290726815	0.08020050125313283	0.07769423558897243	0.05513784461152882	0.040100250626566414	0.12531328320802004	0.05764411027568922	0.07017543859649122	0.005012531328320802	0.012531328320802004
170016_BAK1	0.06991869918699187	0.011382113821138212	0.055284552845528454	0.06341463414634146	0.03414634146341464	0.07317073170731707	0.01788617886178862	0.04065040650406504	0.04390243902439024	0.13821138211382114	0.022764227642276424	0.05040650406504065	0.06341463414634146	0.03739837398373984	0.056910569105691054	0.06504065040650407	0.05203252032520325	0.06666666666666667	0.016260162601626018	0.02113821138211382
Ara_AT3G03440.1	0.0784313725490196	0.0196078431372549	0.04411764705882353	0.06862745098039216	0.00980392156862745	0.04411764705882353	0.024509803921568627	0.05392156862745098	0.05392156862745098	0.13480392156862744	0.0196078431372549	0.03431372549019608	0.0392156862745098	0.031862745098039214	0.05392156862745098	0.1642156862745098	0.041666666666666664	0.0784313725490196	0.0	0.004901960784313725
Ara_AT1G79480.1	0.03526448362720403	0.022670025188916875	0.022670025188916875	0.0327455919395466	0.037783375314861464	0.05037783375314862	0.012594458438287154	0.030226700251889168	0.022670025188916875	0.05289672544080604	0.020151133501259445	0.09319899244332494	0.22418136020151133	0.017632241813602016	0.010075566750629723	0.16120906801007556	0.06297229219143577	0.05037783375314862	0.007556675062972292	0.0327455919395466
Ory_Jap_gi|1002295316|ref|XP_015611091.1|	0.10152284263959391	0.01015228426395939	0.04568527918781726	0.1065989847715736	0.025380710659898477	0.08629441624365482	0.03553299492385787	0.050761421319796954	0.06091370558375635	0.12690355329949238	0.030456852791878174	0.02030456852791878	0.06091370558375635	0.025380710659898477	0.08629441624365482	0.04568527918781726	0.025380710659898477	0.025380710659898477	0.01015228426395939	0.02030456852791878
142_Mi1.2	0.03341288782816229	0.015910898965791568	0.07875894988066826	0.08194112967382657	0.046141607000795545	0.03898170246618934	0.0294351630867144	0.06921241050119331	0.07080350039777247	0.15433571996817821	0.021479713603818614	0.049323786793953855	0.03341288782816229	0.027048528241845664	0.042163882259347654	0.07557677008750995	0.04295942720763723	0.05489260143198091	0.010342084327764518	0.02386634844868735
150964_RTM1	0.034482758620689655	0.0	0.05172413793103448	0.05172413793103448	0.06896551724137931	0.12643678160919541	0.040229885057471264	0.06896551724137931	0.06321839080459771	0.05747126436781609	0.028735632183908046	0.05172413793103448	0.04597701149425287	0.028735632183908046	0.022988505747126436	0.09195402298850575	0.05747126436781609	0.05172413793103448	0.005747126436781609	0.05172413793103448
Hel_gi|1228844072|ref|XP_021978999.1|	0.014705882352941176	0.03676470588235294	0.08088235294117647	0.08823529411764706	0.0661764705882353	0.051470588235294115	0.022058823529411766	0.03676470588235294	0.08823529411764706	0.09558823529411764	0.014705882352941176	0.04411764705882353	0.0661764705882353	0.04411764705882353	0.058823529411764705	0.09558823529411764	0.03676470588235294	0.04411764705882353	0.007352941176470588	0.007352941176470588
Ara_AT3G31925.1	0.06521739130434782	0.028985507246376812	0.057971014492753624	0.043478260869565216	0.06521739130434782	0.043478260869565216	0.014492753623188406	0.07246376811594203	0.10144927536231885	0.09420289855072464	0.028985507246376812	0.07246376811594203	0.043478260869565216	0.014492753623188406	0.007246376811594203	0.06521739130434782	0.06521739130434782	0.07971014492753623	0.014492753623188406	0.021739130434782608
Cuc_gi|659086077|ref|XP_008443753.1|	0.048407643312101914	0.02165605095541401	0.05605095541401274	0.062420382165605096	0.03949044585987261	0.04203821656050955	0.05222929936305733	0.045859872611464965	0.05222929936305733	0.10063694267515924	0.017834394904458598	0.05222929936305733	0.048407643312101914	0.034394904458598725	0.06496815286624204	0.1286624203821656	0.03694267515923567	0.0535031847133758	0.007643312101910828	0.034394904458598725
Caa_gi|1026094081|ref|XP_016546192.1|	0.02702702702702703	0.013513513513513514	0.08108108108108109	0.0472972972972973	0.02027027027027027	0.06756756756756757	0.02027027027027027	0.08108108108108109	0.0472972972972973	0.0945945945945946	0.013513513513513514	0.0472972972972973	0.07432432432432433	0.02702702702702703	0.04054054054054054	0.0472972972972973	0.0945945945945946	0.13513513513513514	0.0	0.02027027027027027
170002_Cre3	0.05971769815418024	0.023887079261672096	0.05646036916395222	0.06406080347448426	0.038002171552660155	0.06948968512486428	0.026058631921824105	0.05428881650380022	0.07057546145494029	0.1270358306188925	0.019543973941368076	0.03908794788273615	0.04234527687296417	0.04234527687296417	0.048859934853420196	0.06623235613463627	0.03474484256243214	0.06731813246471227	0.018458197611292075	0.031487513572204126
Beta_gi|731377098|ref|XP_010667777.1|	0.060240963855421686	0.0	0.04819277108433735	0.0963855421686747	0.04819277108433735	0.024096385542168676	0.040160642570281124	0.01606425702811245	0.10040160642570281	0.08032128514056225	0.004016064257028112	0.08433734939759036	0.04417670682730924	0.028112449799196786	0.05622489959839357	0.08835341365461848	0.0642570281124498	0.0963855421686747	0.004016064257028112	0.01606425702811245
Ara_AT1G64050.1	0.04940119760479042	0.023952095808383235	0.05538922155688623	0.041916167664670656	0.023952095808383235	0.05089820359281437	0.029940119760479042	0.03592814371257485	0.08832335329341318	0.08982035928143713	0.01347305389221557	0.06736526946107785	0.0718562874251497	0.03143712574850299	0.05389221556886228	0.15568862275449102	0.05688622754491018	0.04491017964071856	0.0074850299401197605	0.0074850299401197605
Ara_AT1G78922.1	0.04504504504504504	0.05405405405405406	0.06306306306306306	0.02252252252252252	0.036036036036036036	0.05855855855855856	0.03153153153153153	0.09009009009009009	0.07207207207207207	0.09009009009009009	0.02252252252252252	0.04504504504504504	0.03153153153153153	0.013513513513513514	0.10810810810810811	0.10810810810810811	0.036036036036036036	0.04954954954954955	0.009009009009009009	0.013513513513513514
Beta_gi|731349998|ref|XP_010686281.1|	0.030211480362537766	0.012084592145015106	0.06948640483383686	0.1148036253776435	0.04229607250755287	0.06042296072507553	0.03323262839879154	0.08761329305135952	0.0513595166163142	0.09667673716012085	0.015105740181268883	0.045317220543806644	0.054380664652567974	0.06042296072507553	0.015105740181268883	0.08459214501510574	0.045317220543806644	0.03927492447129909	0.015105740181268883	0.027190332326283987
Ara_AT1G10100.1	0.037037037037037035	0.024691358024691357	0.08024691358024691	0.09876543209876543	0.030864197530864196	0.043209876543209874	0.037037037037037035	0.037037037037037035	0.06172839506172839	0.10493827160493827	0.024691358024691357	0.037037037037037035	0.018518518518518517	0.06790123456790123	0.037037037037037035	0.07407407407407407	0.05555555555555555	0.10493827160493827	0.012345679012345678	0.012345679012345678
136_Cf-9	0.013904982618771726	0.02085747392815759	0.04171494785631518	0.04287369640787949	0.0440324449594438	0.06373117033603708	0.03360370799536501	0.06488991888760139	0.047508690614136734	0.16685979142526072	0.016222479721900347	0.08111239860950174	0.04171494785631518	0.038238702201622246	0.028968713789107765	0.1205098493626883	0.056778679026651215	0.038238702201622246	0.010428736964078795	0.027809965237543453
Nic_tab_gi|57013971|ref|YP_173443.1|	0.04375	0.0125	0.04375	0.03125	0.0625	0.11875	0.0125	0.03125	0.01875	0.0875	0.025	0.03125	0.05625	0.05	0.06875	0.14375	0.05	0.075	0.0125	0.025
Gly_gi|1448303398|ref|XP_025982334.1|	0.031746031746031744	0.007936507936507936	0.05555555555555555	0.023809523809523808	0.03968253968253968	0.0873015873015873	0.047619047619047616	0.06349206349206349	0.047619047619047616	0.1349206349206349	0.047619047619047616	0.047619047619047616	0.047619047619047616	0.05555555555555555	0.05555555555555555	0.0873015873015873	0.047619047619047616	0.05555555555555555	0.0	0.015873015873015872
Hel_gi|1228816507|ref|XP_022040818.1|	0.027649769585253458	0.02304147465437788	0.09216589861751152	0.14285714285714285	0.041474654377880185	0.027649769585253458	0.027649769585253458	0.02304147465437788	0.06912442396313365	0.06451612903225806	0.02304147465437788	0.03686635944700461	0.03686635944700461	0.05069124423963134	0.018433179723502304	0.16589861751152074	0.07834101382488479	0.03225806451612903	0.0	0.018433179723502304
Gly_gi|571461399|ref|XP_006581983.1|	0.047619047619047616	0.026455026455026454	0.05714285714285714	0.07195767195767196	0.033862433862433865	0.06243386243386243	0.02962962962962963	0.047619047619047616	0.0656084656084656	0.09417989417989418	0.022222222222222223	0.056084656084656084	0.05714285714285714	0.050793650793650794	0.04021164021164021	0.11534391534391535	0.05291005291005291	0.037037037037037035	0.007407407407407408	0.02433862433862434
Nic_tab_gi|1025193206|ref|XP_016475663.1|	0.05491329479768786	0.005780346820809248	0.04046242774566474	0.03468208092485549	0.07514450867052024	0.04046242774566474	0.02023121387283237	0.08092485549132948	0.03757225433526012	0.10404624277456648	0.014450867052023121	0.07803468208092486	0.1069364161849711	0.04335260115606936	0.04046242774566474	0.07803468208092486	0.06358381502890173	0.04335260115606936	0.011560693641618497	0.02601156069364162
Ory_Jap_gi|1002251844|ref|XP_015630158.1|	0.08426966292134831	0.03932584269662921	0.05056179775280899	0.07303370786516854	0.0449438202247191	0.02247191011235955	0.028089887640449437	0.0449438202247191	0.056179775280898875	0.07865168539325842	0.02247191011235955	0.0449438202247191	0.0449438202247191	0.03932584269662921	0.07865168539325842	0.12359550561797752	0.06741573033707865	0.028089887640449437	0.0	0.028089887640449437
Hel_gi|1228843946|ref|XP_021978967.1|	0.07751937984496124	0.007751937984496124	0.08527131782945736	0.10077519379844961	0.023255813953488372	0.03875968992248062	0.023255813953488372	0.046511627906976744	0.13178294573643412	0.09302325581395349	0.046511627906976744	0.046511627906976744	0.023255813953488372	0.023255813953488372	0.06976744186046512	0.03875968992248062	0.03875968992248062	0.05426356589147287	0.015503875968992248	0.015503875968992248
Zea_gi|226492660|ref|NP_001144916.1|	0.1270718232044199	0.027624309392265192	0.06077348066298342	0.027624309392265192	0.03867403314917127	0.06077348066298342	0.011049723756906077	0.022099447513812154	0.011049723756906077	0.06629834254143646	0.03314917127071823	0.011049723756906077	0.06077348066298342	0.03314917127071823	0.14917127071823205	0.08839779005524862	0.03867403314917127	0.08839779005524862	0.011049723756906077	0.03314917127071823
161440_Pl8	0.0437842064112588	0.02501954652071931	0.04769351055512119	0.08835027365129007	0.039093041438623924	0.05160281469898358	0.020328381548084442	0.054730258014073496	0.06333072713057075	0.1524628616106333	0.018764659890539485	0.053166536356528536	0.0398749022673964	0.033620015637216574	0.053166536356528536	0.08522283033620015	0.03831118060985145	0.053166536356528536	0.01641907740422205	0.0218921032056294
Nic_tab_gi|1025278109|ref|XP_016494759.1|	0.0996309963099631	0.01845018450184502	0.01845018450184502	0.06642066420664207	0.055350553505535055	0.055350553505535055	0.01845018450184502	0.06273062730627306	0.055350553505535055	0.11439114391143912	0.014760147601476014	0.04797047970479705	0.03690036900369004	0.01845018450184502	0.04428044280442804	0.09225092250922509	0.07011070110701106	0.08118081180811808	0.0036900369003690036	0.025830258302583026
Beta_gi|731320699|ref|XP_010670953.1|	0.035046728971962614	0.011682242990654205	0.05841121495327103	0.04672897196261682	0.056074766355140186	0.04672897196261682	0.028037383177570093	0.07242990654205607	0.08644859813084112	0.10046728971962617	0.02102803738317757	0.028037383177570093	0.0514018691588785	0.05841121495327103	0.07242990654205607	0.0794392523364486	0.04205607476635514	0.0630841121495327	0.011682242990654205	0.030373831775700934
Aeg_gi|1149828016|ref|XP_020171322.1|	0.08624229979466119	0.018480492813141684	0.04722792607802875	0.045174537987679675	0.024640657084188913	0.045174537987679675	0.026694045174537988	0.043121149897330596	0.06570841889117043	0.09856262833675565	0.030800821355236138	0.03696098562628337	0.03696098562628337	0.043121149897330596	0.06981519507186858	0.15605749486652978	0.0513347022587269	0.039014373716632446	0.014373716632443531	0.02053388090349076
135724_P2	0.03678929765886288	0.029264214046822744	0.05016722408026756	0.07274247491638795	0.034280936454849496	0.051839464882943144	0.025919732441471572	0.06438127090301003	0.07190635451505016	0.12374581939799331	0.02508361204013378	0.04431438127090301	0.04096989966555184	0.021739130434782608	0.05100334448160535	0.09949832775919733	0.043478260869565216	0.06521739130434782	0.014214046822742474	0.033444816053511704
Hel_gi|1228832112|ref|XP_021974033.1|	0.03855421686746988	0.024096385542168676	0.05542168674698795	0.0746987951807229	0.03855421686746988	0.0891566265060241	0.024096385542168676	0.03855421686746988	0.04819277108433735	0.09156626506024096	0.01927710843373494	0.03614457831325301	0.05783132530120482	0.03614457831325301	0.05542168674698795	0.09879518072289156	0.05060240963855422	0.0819277108433735	0.024096385542168676	0.016867469879518072
Nic_tab_gi|1025224058|ref|XP_016482903.1|	0.09547738693467336	0.02512562814070352	0.04020100502512563	0.04522613065326633	0.07537688442211055	0.05025125628140704	0.02512562814070352	0.06532663316582915	0.02512562814070352	0.1306532663316583	0.06030150753768844	0.01507537688442211	0.03015075376884422	0.01507537688442211	0.05527638190954774	0.08040201005025126	0.05025125628140704	0.06030150753768844	0.01507537688442211	0.04020100502512563
Hel_gi|1228810190|ref|XP_022038004.1|	0.045283018867924525	0.03018867924528302	0.04905660377358491	0.03773584905660377	0.03018867924528302	0.06415094339622641	0.03018867924528302	0.06037735849056604	0.12075471698113208	0.08679245283018867	0.018867924528301886	0.052830188679245285	0.03773584905660377	0.052830188679245285	0.033962264150943396	0.1169811320754717	0.03773584905660377	0.04905660377358491	0.018867924528301886	0.026415094339622643
130_Bs2	0.03867403314917127	0.026519337016574586	0.06629834254143646	0.07734806629834254	0.041988950276243095	0.04088397790055249	0.023204419889502764	0.06077348066298342	0.07292817679558011	0.12596685082872927	0.02430939226519337	0.041988950276243095	0.03535911602209945	0.03314917127071823	0.06077348066298342	0.08066298342541436	0.03756906077348066	0.06850828729281767	0.014364640883977901	0.028729281767955802
Beta_gi|731328078|ref|XP_010674853.1|	0.08064516129032258	0.017323775388291517	0.06511350059737156	0.06093189964157706	0.032855436081242535	0.04838709677419355	0.03225806451612903	0.06272401433691756	0.05973715651135006	0.11170848267622462	0.021505376344086023	0.05555555555555555	0.032855436081242535	0.032855436081242535	0.04898446833930705	0.06869772998805257	0.052568697729988054	0.06869772998805257	0.009557945041816009	0.037037037037037035
170025_Pi_Kh	0.03636363636363636	0.04242424242424243	0.03333333333333333	0.10303030303030303	0.024242424242424242	0.045454545454545456	0.021212121212121213	0.06363636363636363	0.05454545454545454	0.16666666666666666	0.03939393939393939	0.048484848484848485	0.05454545454545454	0.030303030303030304	0.03636363636363636	0.09696969696969697	0.03333333333333333	0.03636363636363636	0.015151515151515152	0.01818181818181818
161438_Pm3	0.06219081272084806	0.03250883392226148	0.04098939929328622	0.08480565371024736	0.03180212014134275	0.052296819787985865	0.024734982332155476	0.04876325088339223	0.06643109540636043	0.14275618374558305	0.022614840989399292	0.03250883392226148	0.0558303886925795	0.03745583038869258	0.04946996466431095	0.0706713780918728	0.04240282685512368	0.0636042402826855	0.014840989399293287	0.023321554770318022
Beta_gi|1108949027|ref|XP_019106210.1|	0.0514018691588785	0.004672897196261682	0.03271028037383177	0.037383177570093455	0.009345794392523364	0.014018691588785047	0.04672897196261682	0.04672897196261682	0.056074766355140186	0.028037383177570093	0.04205607476635514	0.056074766355140186	0.22429906542056074	0.018691588785046728	0.037383177570093455	0.09345794392523364	0.06074766355140187	0.0514018691588785	0.0	0.08878504672897196
Lac_gi|1340477879|ref|XP_023765812.1|	0.05755395683453238	0.02158273381294964	0.04316546762589928	0.07913669064748201	0.02877697841726619	0.04316546762589928	0.05755395683453238	0.05755395683453238	0.1079136690647482	0.07194244604316546	0.02158273381294964	0.05755395683453238	0.02877697841726619	0.03597122302158273	0.05755395683453238	0.08633093525179857	0.07194244604316546	0.05755395683453238	0.007194244604316547	0.007194244604316547
170003_Yr10	0.038834951456310676	0.012135922330097087	0.05825242718446602	0.07402912621359223	0.03762135922330097	0.06796116504854369	0.019417475728155338	0.07524271844660194	0.08131067961165049	0.13228155339805825	0.02912621359223301	0.03155339805825243	0.03519417475728155	0.03398058252427184	0.050970873786407765	0.08616504854368932	0.043689320388349516	0.05461165048543689	0.009708737864077669	0.027912621359223302
Zea_gi|670376136|ref|XP_008669297.1|	0.06638418079096045	0.025423728813559324	0.08050847457627118	0.07909604519774012	0.03389830508474576	0.04943502824858757	0.029661016949152543	0.04519774011299435	0.04943502824858757	0.06073446327683616	0.007062146892655367	0.05508474576271186	0.0635593220338983	0.043785310734463276	0.0480225988700565	0.11299435028248588	0.059322033898305086	0.06779661016949153	0.007062146892655367	0.015536723163841809
Beta_gi|731380412|ref|XP_010668718.1|	0.11320754716981132	0.025157232704402517	0.06289308176100629	0.025157232704402517	0.03773584905660377	0.050314465408805034	0.025157232704402517	0.03773584905660377	0.018867924528301886	0.1069182389937107	0.03773584905660377	0.05660377358490566	0.031446540880503145	0.050314465408805034	0.11949685534591195	0.06289308176100629	0.025157232704402517	0.06289308176100629	0.018867924528301886	0.031446540880503145
Beta_gi|9838417|ref|NP_064030.1|	0.031007751937984496	0.03875968992248062	0.046511627906976744	0.046511627906976744	0.03875968992248062	0.05426356589147287	0.023255813953488372	0.06201550387596899	0.046511627906976744	0.09302325581395349	0.031007751937984496	0.031007751937984496	0.05426356589147287	0.03875968992248062	0.11627906976744186	0.08527131782945736	0.06201550387596899	0.06201550387596899	0.015503875968992248	0.023255813953488372
170017_CHS3	0.04215747055176689	0.03037817730936144	0.05393676379417235	0.08989460632362058	0.041537507749535026	0.04649721016738995	0.03161810291382517	0.06447613143211407	0.07377557346559206	0.10291382517048978	0.02417854928704278	0.04401735895846249	0.03905765654060756	0.037197768133911964	0.05083694978301302	0.07625542467451953	0.04401735895846249	0.06633601983880967	0.012399256044637322	0.02851828890266584
Ara_AT2G46360.1	0.07216494845360824	0.0	0.061855670103092786	0.14432989690721648	0.020618556701030927	0.010309278350515464	0.05154639175257732	0.0	0.12371134020618557	0.08247422680412371	0.07216494845360824	0.041237113402061855	0.010309278350515464	0.020618556701030927	0.12371134020618557	0.061855670103092786	0.041237113402061855	0.05154639175257732	0.0	0.010309278350515464
Zea_gi|1162483857|ref|XP_008649662.2|	0.11191335740072202	0.018050541516245487	0.07220216606498195	0.036101083032490974	0.032490974729241874	0.07581227436823104	0.032490974729241874	0.04332129963898917	0.02888086642599278	0.07581227436823104	0.021660649819494584	0.032490974729241874	0.06498194945848375	0.01444043321299639	0.05776173285198556	0.10469314079422383	0.06498194945848375	0.07581227436823104	0.007220216606498195	0.02888086642599278
137_Cf9B	0.015028901734104046	0.015028901734104046	0.046242774566473986	0.04046242774566474	0.04508670520231214	0.06589595375722543	0.03352601156069364	0.06358381502890173	0.048554913294797684	0.16878612716763006	0.016184971098265895	0.08323699421965318	0.04508670520231214	0.03468208092485549	0.03005780346820809	0.12254335260115606	0.05433526011560694	0.035838150289017344	0.010404624277456647	0.025433526011560695
135720_PEPR1	0.03829029385574354	0.016028495102404273	0.04452359750667854	0.04986642920747997	0.0365093499554764	0.07836153161175423	0.016918967052537846	0.05699020480854853	0.04630454140694568	0.1611754229741763	0.013357079252003561	0.07658058771148708	0.048975957257346395	0.025823686553873553	0.04452359750667854	0.10952804986642921	0.048975957257346395	0.0578806767586821	0.007123775601068566	0.02226179875333927
Aeg_gi|1149702678|ref|XP_020168558.1|	0.04519774011299435	0.01977401129943503	0.031073446327683617	0.0480225988700565	0.0480225988700565	0.10734463276836158	0.04519774011299435	0.05367231638418079	0.05084745762711865	0.07344632768361582	0.01977401129943503	0.0423728813559322	0.08192090395480225	0.0423728813559322	0.05084745762711865	0.0847457627118644	0.03954802259887006	0.07062146892655367	0.011299435028248588	0.03389830508474576
Sol_lyc_gi|1104621250|ref|XP_019069336.1|	0.15217391304347827	0.010869565217391304	0.05434782608695652	0.021739130434782608	0.021739130434782608	0.17391304347826086	0.021739130434782608	0.010869565217391304	0.18478260869565216	0.010869565217391304	0.021739130434782608	0.03260869565217391	0.0	0.03260869565217391	0.0	0.10869565217391304	0.021739130434782608	0.08695652173913043	0.03260869565217391	0.0
161461_Serk3A	0.06504065040650407	0.00975609756097561	0.056910569105691054	0.06504065040650407	0.032520325203252036	0.07154471544715447	0.022764227642276424	0.03739837398373984	0.03902439024390244	0.13821138211382114	0.01951219512195122	0.05853658536585366	0.06016260162601626	0.04065040650406504	0.055284552845528454	0.06666666666666667	0.05040650406504065	0.07154471544715447	0.016260162601626018	0.022764227642276424
170022_Rxo1	0.04861878453038674	0.020994475138121547	0.04861878453038674	0.07624309392265194	0.04088397790055249	0.05414364640883978	0.016574585635359115	0.06961325966850829	0.07845303867403315	0.143646408839779	0.022099447513812154	0.039779005524861875	0.03314917127071823	0.032044198895027624	0.05414364640883978	0.08176795580110498	0.041988950276243095	0.051933701657458566	0.017679558011049725	0.027624309392265192
Sol_lyc_gi|723697949|ref|XP_010320767.1|	0.022641509433962263	0.026415094339622643	0.033962264150943396	0.03773584905660377	0.03773584905660377	0.10943396226415095	0.052830188679245285	0.022641509433962263	0.033962264150943396	0.07547169811320754	0.018867924528301886	0.1018867924528302	0.10943396226415095	0.045283018867924525	0.045283018867924525	0.11320754716981132	0.05660377358490566	0.018867924528301886	0.0	0.03773584905660377
